-3.845000000000000455e+03
-4.376000000000000909e+03
-3.920000000000000455e+03
-3.686000000000000455e+03
-3.750000000000000455e+03
-3.621000000000000455e+03
-4.293000000000000909e+03
-3.704000000000000455e+03
-3.414000000000000000e+03
-3.438000000000000455e+03
-3.597000000000000455e+03
-3.633000000000000455e+03
-3.115000000000000000e+03
-2.953000000000000455e+03
-3.541000000000000455e+03
-3.520000000000000000e+03
-3.448000000000000000e+03
-3.423000000000000000e+03
-3.458000000000000455e+03
-3.504000000000000455e+03
-3.388000000000000455e+03
-3.519000000000000455e+03
-3.227000000000000455e+03
-3.213000000000000000e+03
-3.185000000000000000e+03
-3.273000000000000000e+03
-3.116000000000000000e+03
-3.171000000000000000e+03
-3.128000000000000000e+03
-3.187000000000000000e+03
-3.188000000000000000e+03
-2.966000000000000000e+03
-3.149000000000000000e+03
-3.073000000000000455e+03
-3.088000000000000000e+03
-3.102000000000000000e+03
-2.968000000000000000e+03
-2.885000000000000000e+03
-2.959000000000000000e+03
-3.054000000000000000e+03
-2.906000000000000000e+03
-2.841000000000000455e+03
-2.760000000000000000e+03
-2.723000000000000000e+03
-2.750000000000000000e+03
-2.722000000000000000e+03
-2.788000000000000455e+03
-2.704000000000000000e+03
-2.667000000000000000e+03
-2.661000000000000000e+03
-2.651000000000000000e+03
-2.653000000000000000e+03
-2.652000000000000000e+03
-2.649000000000000000e+03
-2.653000000000000000e+03
-2.689000000000000000e+03
-2.664000000000000000e+03
-2.669000000000000000e+03
-2.681000000000000000e+03
-2.670000000000000000e+03
-2.681000000000000000e+03
-2.661000000000000000e+03
-2.678000000000000000e+03
-2.672000000000000000e+03
-2.647000000000000000e+03
-2.647000000000000000e+03
-2.669000000000000000e+03
-2.650000000000000000e+03
-2.653000000000000000e+03
-2.658000000000000000e+03
-2.663000000000000000e+03
-2.639000000000000000e+03
-2.657000000000000000e+03
-2.683000000000000000e+03
-2.644000000000000000e+03
-2.666000000000000000e+03
-2.668000000000000000e+03
-2.676000000000000000e+03
-2.664000000000000000e+03
-2.665000000000000000e+03
-2.648000000000000000e+03
-2.653000000000000000e+03
-2.658000000000000000e+03
-2.691000000000000000e+03
-2.657000000000000000e+03
-2.643000000000000000e+03
-2.674000000000000000e+03
-2.648000000000000000e+03
-2.713000000000000000e+03
-2.648000000000000000e+03
-2.650000000000000000e+03
-2.659000000000000000e+03
-2.648000000000000000e+03
-2.663000000000000000e+03
-2.679000000000000000e+03
-2.647000000000000000e+03
-2.674000000000000000e+03
-2.651000000000000000e+03
-2.677000000000000000e+03
-2.670000000000000000e+03
-2.680000000000000000e+03
-2.685000000000000000e+03
-2.670000000000000000e+03
-2.648000000000000000e+03
-2.662000000000000000e+03
-2.677000000000000000e+03
-2.653000000000000000e+03
-2.671000000000000000e+03
-2.718000000000000000e+03
-2.664000000000000000e+03
-2.704000000000000000e+03
-2.657000000000000000e+03
-2.666000000000000000e+03
-2.677000000000000000e+03
-2.649000000000000000e+03
-2.640000000000000000e+03
-2.648000000000000000e+03
-2.670000000000000000e+03
-2.696000000000000000e+03
-2.671000000000000000e+03
-2.653000000000000000e+03
-2.651000000000000000e+03
-2.665000000000000000e+03
-2.692000000000000000e+03
-2.670000000000000000e+03
-2.658000000000000000e+03
-2.668000000000000000e+03
-2.663000000000000000e+03
-2.662000000000000000e+03
-2.704000000000000000e+03
-2.647000000000000000e+03
-2.654000000000000000e+03
-2.653000000000000000e+03
-2.696000000000000000e+03
-2.658000000000000000e+03
-2.693000000000000000e+03
-2.656000000000000000e+03
-2.672000000000000000e+03
-2.667000000000000000e+03
-2.650000000000000000e+03
-2.638000000000000000e+03
-2.645000000000000000e+03
-2.658000000000000000e+03
-2.686000000000000000e+03
-2.669000000000000000e+03
-2.678000000000000000e+03
-2.661000000000000000e+03
-2.696000000000000000e+03
-2.663000000000000000e+03
-2.659000000000000000e+03
-2.655000000000000000e+03
-2.684000000000000000e+03
-2.667000000000000000e+03
-2.654000000000000000e+03
-2.671000000000000000e+03
-2.655000000000000000e+03
-2.719000000000000000e+03
-2.697000000000000000e+03
-2.656000000000000000e+03
-2.733000000000000000e+03
-2.668000000000000000e+03
-2.647000000000000000e+03
-2.650000000000000000e+03
-2.678000000000000000e+03
-2.669000000000000000e+03
-2.679000000000000000e+03
-2.689000000000000000e+03
-2.720000000000000000e+03
-2.664000000000000000e+03
-2.706000000000000000e+03
-2.647000000000000000e+03
-2.647000000000000000e+03
-2.656000000000000000e+03
-2.662000000000000000e+03
-2.646000000000000000e+03
-2.647000000000000000e+03
-2.645000000000000000e+03
-2.717000000000000000e+03
-2.647000000000000000e+03
-2.649000000000000000e+03
-2.709000000000000000e+03
-2.653000000000000000e+03
-2.667000000000000000e+03
-2.647000000000000000e+03
-2.660000000000000000e+03
-2.656000000000000000e+03
-2.670000000000000000e+03
-2.648000000000000000e+03
-2.692000000000000000e+03
-2.668000000000000000e+03
-2.652000000000000000e+03
-2.644000000000000000e+03
-2.680000000000000000e+03
-2.655000000000000000e+03
-2.649000000000000000e+03
-2.689000000000000000e+03
-2.679000000000000000e+03
-2.651000000000000000e+03
-2.672000000000000000e+03
-2.660000000000000000e+03
-2.647000000000000000e+03
-2.662000000000000000e+03
-2.649000000000000000e+03
-2.664000000000000000e+03
-2.654000000000000000e+03
-2.667000000000000000e+03
-2.677000000000000000e+03
-2.653000000000000000e+03
-2.664000000000000000e+03
-2.666000000000000000e+03
-2.677000000000000000e+03
-2.654000000000000000e+03
-2.633000000000000000e+03
-2.646000000000000000e+03
-2.653000000000000000e+03
-2.668000000000000000e+03
-2.653000000000000000e+03
-2.682000000000000000e+03
-2.653000000000000000e+03
-2.655000000000000000e+03
-2.672000000000000000e+03
-2.651000000000000000e+03
-2.647000000000000000e+03
-2.687000000000000000e+03
-2.669000000000000000e+03
-2.671000000000000000e+03
-2.660000000000000000e+03
-2.707000000000000000e+03
-2.666000000000000000e+03
-2.646000000000000000e+03
-2.691000000000000000e+03
-2.695000000000000000e+03
-2.672000000000000000e+03
-2.645000000000000000e+03
-2.667000000000000000e+03
-2.649000000000000000e+03
-2.664000000000000000e+03
-2.670000000000000000e+03
-2.649000000000000000e+03
-2.646000000000000000e+03
-2.683000000000000000e+03
-2.636000000000000000e+03
-2.646000000000000000e+03
-2.670000000000000000e+03
-2.663000000000000000e+03
-2.666000000000000000e+03
-2.650000000000000000e+03
-2.686000000000000000e+03
-2.642000000000000000e+03
-2.650000000000000000e+03
-2.657000000000000000e+03
-2.643000000000000000e+03
-2.656000000000000000e+03
-2.653000000000000000e+03
-2.673000000000000000e+03
-2.710000000000000000e+03
-2.680000000000000000e+03
-2.668000000000000000e+03
-2.672000000000000000e+03
-2.671000000000000000e+03
-2.665000000000000000e+03
-2.683000000000000000e+03
-2.662000000000000000e+03
-2.662000000000000000e+03
-2.700000000000000000e+03
-2.644000000000000000e+03
-2.647000000000000000e+03
-2.642000000000000000e+03
-2.650000000000000000e+03
-2.655000000000000000e+03
-2.692000000000000000e+03
-2.655000000000000000e+03
-2.633000000000000000e+03
-2.639000000000000000e+03
-2.653000000000000000e+03
-2.658000000000000000e+03
-2.696000000000000000e+03
-2.674000000000000000e+03
-2.691000000000000000e+03
-2.649000000000000000e+03
-2.647000000000000000e+03
-2.696000000000000000e+03
-2.675000000000000000e+03
-2.673000000000000000e+03
-2.653000000000000000e+03
-2.675000000000000000e+03
-2.659000000000000000e+03
-2.672000000000000000e+03
-2.678000000000000000e+03
-2.692000000000000000e+03
-2.657000000000000000e+03
-2.658000000000000000e+03
-2.660000000000000000e+03
-2.649000000000000000e+03
-2.644000000000000000e+03
-2.646000000000000000e+03
-2.656000000000000000e+03
-2.674000000000000000e+03
-2.670000000000000000e+03
-2.646000000000000000e+03
-2.659000000000000000e+03
-2.673000000000000000e+03
-2.641000000000000000e+03
-2.642000000000000000e+03
-2.656000000000000000e+03
-2.691000000000000000e+03
-2.665000000000000000e+03
-2.657000000000000000e+03
-2.674000000000000000e+03
-2.657000000000000000e+03
-2.665000000000000000e+03
-2.709000000000000000e+03
-2.655000000000000000e+03
-2.664000000000000000e+03
-2.647000000000000000e+03
-2.645000000000000000e+03
-2.685000000000000000e+03
-2.658000000000000000e+03
-2.691000000000000000e+03
-2.676000000000000000e+03
-2.663000000000000000e+03
-2.665000000000000000e+03
-2.649000000000000000e+03
-2.685000000000000000e+03
-2.685000000000000000e+03
-2.705000000000000000e+03
-2.651000000000000000e+03
-2.671000000000000000e+03
-2.675000000000000000e+03
-2.662000000000000000e+03
-2.648000000000000000e+03
-2.673000000000000000e+03
-2.659000000000000000e+03
-2.646000000000000000e+03
-2.658000000000000000e+03
-2.643000000000000000e+03
-2.686000000000000000e+03
-2.687000000000000000e+03
-2.664000000000000000e+03
-2.661000000000000000e+03
-2.650000000000000000e+03
-2.658000000000000000e+03
-2.662000000000000000e+03
-2.660000000000000000e+03
-2.649000000000000000e+03
-2.705000000000000000e+03
-2.648000000000000000e+03
-2.680000000000000000e+03
-2.656000000000000000e+03
-2.677000000000000000e+03
-2.659000000000000000e+03
-2.661000000000000000e+03
-2.668000000000000000e+03
-2.649000000000000000e+03
-2.649000000000000000e+03
-2.687000000000000000e+03
-2.647000000000000000e+03
-2.642000000000000000e+03
-2.653000000000000000e+03
-2.687000000000000000e+03
-2.675000000000000000e+03
-2.644000000000000000e+03
-2.651000000000000000e+03
-2.669000000000000000e+03
-2.655000000000000000e+03
-2.676000000000000000e+03
-2.646000000000000000e+03
-2.660000000000000000e+03
-2.693000000000000000e+03
-2.668000000000000000e+03
-2.659000000000000000e+03
-2.660000000000000000e+03
-2.653000000000000000e+03
-2.683000000000000000e+03
-2.696000000000000000e+03
-2.658000000000000000e+03
-2.734000000000000000e+03
-2.681000000000000000e+03
-2.672000000000000000e+03
-2.671000000000000000e+03
-2.654000000000000000e+03
-2.668000000000000000e+03
-2.675000000000000000e+03
-2.655000000000000000e+03
-2.734000000000000000e+03
-2.676000000000000000e+03
-2.653000000000000000e+03
-2.700000000000000000e+03
-2.701000000000000000e+03
-2.660000000000000000e+03
-2.670000000000000000e+03
-2.649000000000000000e+03
-2.653000000000000000e+03
-2.695000000000000000e+03
-2.653000000000000000e+03
-2.653000000000000000e+03
-2.707000000000000000e+03
-2.668000000000000000e+03
-2.646000000000000000e+03
-2.653000000000000000e+03
-2.656000000000000000e+03
-2.658000000000000000e+03
-2.699000000000000000e+03
-2.681000000000000000e+03
-2.630000000000000000e+03
-2.677000000000000000e+03
-2.657000000000000000e+03
-2.655000000000000000e+03
-2.650000000000000000e+03
-2.672000000000000000e+03
-2.667000000000000000e+03
-2.659000000000000000e+03
-2.661000000000000000e+03
-2.676000000000000000e+03
-2.652000000000000000e+03
-2.663000000000000000e+03
-2.653000000000000000e+03
-2.651000000000000000e+03
-2.665000000000000000e+03
-2.664000000000000000e+03
-2.703000000000000000e+03
-2.668000000000000000e+03
-2.720000000000000000e+03
-2.659000000000000000e+03
-2.658000000000000000e+03
-2.656000000000000000e+03
-2.656000000000000000e+03
-2.670000000000000000e+03
-2.674000000000000000e+03
-2.667000000000000000e+03
-2.663000000000000000e+03
-2.647000000000000000e+03
-2.657000000000000000e+03
-2.655000000000000000e+03
-2.671000000000000000e+03
-2.691000000000000000e+03
-2.663000000000000000e+03
-2.713000000000000000e+03
-2.652000000000000000e+03
-2.664000000000000000e+03
-2.681000000000000000e+03
-2.654000000000000000e+03
-2.658000000000000000e+03
-2.672000000000000000e+03
-2.691000000000000000e+03
-2.633000000000000000e+03
-2.660000000000000000e+03
-2.653000000000000000e+03
-2.653000000000000000e+03
-2.654000000000000000e+03
-2.678000000000000000e+03
-2.686000000000000000e+03
-2.673000000000000000e+03
-2.654000000000000000e+03
-2.652000000000000000e+03
-2.670000000000000000e+03
-2.673000000000000000e+03
-2.653000000000000000e+03
-2.664000000000000000e+03
-2.646000000000000000e+03
-2.689000000000000000e+03
-2.649000000000000000e+03
-2.653000000000000000e+03
-2.662000000000000000e+03
-2.649000000000000000e+03
-2.664000000000000000e+03
-2.668000000000000000e+03
-2.672000000000000000e+03
-2.679000000000000000e+03
-2.694000000000000000e+03
-2.653000000000000000e+03
-2.677000000000000000e+03
-2.653000000000000000e+03
-2.653000000000000000e+03
-2.674000000000000000e+03
-2.667000000000000000e+03
-2.660000000000000000e+03
-2.653000000000000000e+03
-2.667000000000000000e+03
-2.654000000000000000e+03
-2.677000000000000000e+03
-2.654000000000000000e+03
-2.684000000000000000e+03
-2.659000000000000000e+03
-2.653000000000000000e+03
-2.648000000000000000e+03
-2.675000000000000000e+03
-2.676000000000000000e+03
-2.651000000000000000e+03
-2.658000000000000000e+03
-2.660000000000000000e+03
-2.647000000000000000e+03
-2.657000000000000000e+03
-2.679000000000000000e+03
-2.684000000000000000e+03
-2.660000000000000000e+03
-2.649000000000000000e+03
-2.671000000000000000e+03
-2.680000000000000000e+03
-2.647000000000000000e+03
-2.651000000000000000e+03
-2.668000000000000000e+03
-2.662000000000000000e+03
-2.670000000000000000e+03
-2.721000000000000000e+03
-2.669000000000000000e+03
-2.653000000000000000e+03
-2.646000000000000000e+03
-2.673000000000000000e+03
-2.690000000000000000e+03
-2.667000000000000000e+03
-2.662000000000000000e+03
-2.653000000000000000e+03
-2.710000000000000000e+03
-2.661000000000000000e+03
-2.707000000000000000e+03
-2.653000000000000000e+03
-2.653000000000000000e+03
-2.663000000000000000e+03
-2.711000000000000000e+03
-2.699000000000000000e+03
-2.650000000000000000e+03
-2.675000000000000000e+03
-2.655000000000000000e+03
-2.660000000000000000e+03
-2.677000000000000000e+03
-2.695000000000000000e+03
-2.648000000000000000e+03
-2.642000000000000000e+03
-2.697000000000000000e+03
-2.678000000000000000e+03
-2.660000000000000000e+03
-2.684000000000000000e+03
-2.651000000000000000e+03
-2.666000000000000000e+03
-2.692000000000000000e+03
-2.680000000000000000e+03
-2.656000000000000000e+03
-2.692000000000000000e+03
-2.659000000000000000e+03
-2.661000000000000000e+03
-2.668000000000000000e+03
-2.695000000000000000e+03
-2.647000000000000000e+03
-2.646000000000000000e+03
-2.661000000000000000e+03
-2.651000000000000000e+03
-2.667000000000000000e+03
-2.653000000000000000e+03
-2.657000000000000000e+03
-2.663000000000000000e+03
-2.658000000000000000e+03
-2.680000000000000000e+03
-2.660000000000000000e+03
-2.723000000000000000e+03
-2.654000000000000000e+03
-2.680000000000000000e+03
-2.677000000000000000e+03
-2.677000000000000000e+03
-2.644000000000000000e+03
-2.654000000000000000e+03
-2.659000000000000000e+03
-2.677000000000000000e+03
-2.667000000000000000e+03
-2.656000000000000000e+03
-2.650000000000000000e+03
-2.692000000000000000e+03
-2.677000000000000000e+03
-2.678000000000000000e+03
-2.653000000000000000e+03
-2.670000000000000000e+03
-2.649000000000000000e+03
-2.653000000000000000e+03
-2.660000000000000000e+03
-2.679000000000000000e+03
-2.672000000000000000e+03
-2.677000000000000000e+03
-2.680000000000000000e+03
-2.652000000000000000e+03
-2.675000000000000000e+03
-2.669000000000000000e+03
-2.656000000000000000e+03
-2.660000000000000000e+03
-2.658000000000000000e+03
-2.691000000000000000e+03
-2.666000000000000000e+03
-2.658000000000000000e+03
-2.677000000000000000e+03
-2.658000000000000000e+03
-2.663000000000000000e+03
-2.656000000000000000e+03
-2.656000000000000000e+03
-2.671000000000000000e+03
-2.680000000000000000e+03
-2.678000000000000000e+03
-2.663000000000000000e+03
-2.659000000000000000e+03
-2.670000000000000000e+03
-2.646000000000000000e+03
-2.658000000000000000e+03
-2.655000000000000000e+03
-2.672000000000000000e+03
-2.653000000000000000e+03
-2.659000000000000000e+03
-2.668000000000000000e+03
-2.677000000000000000e+03
-2.688000000000000000e+03
-2.647000000000000000e+03
-2.657000000000000000e+03
-2.662000000000000000e+03
-2.657000000000000000e+03
-2.647000000000000000e+03
-2.653000000000000000e+03
-2.676000000000000000e+03
-2.667000000000000000e+03
-2.661000000000000000e+03
-2.659000000000000000e+03
-2.687000000000000000e+03
-2.648000000000000000e+03
-2.661000000000000000e+03
-2.647000000000000000e+03
-2.648000000000000000e+03
-2.661000000000000000e+03
-2.675000000000000000e+03
-2.654000000000000000e+03
-2.653000000000000000e+03
-2.691000000000000000e+03
-2.659000000000000000e+03
-2.662000000000000000e+03
-2.677000000000000000e+03
-2.649000000000000000e+03
-2.689000000000000000e+03
-2.651000000000000000e+03
-2.679000000000000000e+03
-2.663000000000000000e+03
-2.683000000000000000e+03
-2.654000000000000000e+03
-2.648000000000000000e+03
-2.656000000000000000e+03
-2.653000000000000000e+03
-2.657000000000000000e+03
-2.657000000000000000e+03
-2.663000000000000000e+03
-2.649000000000000000e+03
-2.747000000000000000e+03
-2.724000000000000000e+03
-2.656000000000000000e+03
-2.654000000000000000e+03
-2.662000000000000000e+03
-2.654000000000000000e+03
-2.688000000000000000e+03
-2.650000000000000000e+03
-2.668000000000000000e+03
-2.668000000000000000e+03
-2.655000000000000000e+03
-2.664000000000000000e+03
-2.650000000000000000e+03
-2.668000000000000000e+03
-2.702000000000000000e+03
-2.693000000000000000e+03
-2.658000000000000000e+03
-2.677000000000000000e+03
-2.671000000000000000e+03
-2.654000000000000000e+03
-2.653000000000000000e+03
-2.650000000000000000e+03
-2.672000000000000000e+03
-2.683000000000000000e+03
-2.640000000000000000e+03
-2.653000000000000000e+03
-2.656000000000000000e+03
-2.654000000000000000e+03
-2.641000000000000000e+03
-2.668000000000000000e+03
-2.662000000000000000e+03
-2.662000000000000000e+03
-2.647000000000000000e+03
-2.695000000000000000e+03
-2.682000000000000000e+03
-2.674000000000000000e+03
-2.654000000000000000e+03
-2.638000000000000000e+03
-2.688000000000000000e+03
-2.685000000000000000e+03
-2.702000000000000000e+03
-2.652000000000000000e+03
-2.647000000000000000e+03
-2.701000000000000000e+03
-2.656000000000000000e+03
-2.646000000000000000e+03
-2.674000000000000000e+03
-2.688000000000000000e+03
-2.668000000000000000e+03
-2.636000000000000000e+03
-2.705000000000000000e+03
-2.649000000000000000e+03
-2.661000000000000000e+03
-2.667000000000000000e+03
-2.677000000000000000e+03
-2.656000000000000000e+03
-2.692000000000000000e+03
-2.657000000000000000e+03
-2.681000000000000000e+03
-2.649000000000000000e+03
-2.690000000000000000e+03
-2.657000000000000000e+03
-2.679000000000000000e+03
-2.686000000000000000e+03
-2.651000000000000000e+03
-2.647000000000000000e+03
-2.654000000000000000e+03
-2.733000000000000000e+03
-2.673000000000000000e+03
-2.671000000000000000e+03
-2.674000000000000000e+03
-2.680000000000000000e+03
-2.652000000000000000e+03
-2.650000000000000000e+03
-2.653000000000000000e+03
-2.654000000000000000e+03
-2.666000000000000000e+03
-2.668000000000000000e+03
-2.702000000000000000e+03
-2.676000000000000000e+03
-2.657000000000000000e+03
-2.652000000000000000e+03
-2.657000000000000000e+03
-2.654000000000000000e+03
-2.646000000000000000e+03
-2.655000000000000000e+03
-2.660000000000000000e+03
-2.721000000000000000e+03
-2.670000000000000000e+03
-2.653000000000000000e+03
-2.668000000000000000e+03
-2.650000000000000000e+03
-2.656000000000000000e+03
-2.673000000000000000e+03
-2.661000000000000000e+03
-2.684000000000000000e+03
-2.665000000000000000e+03
-2.704000000000000000e+03
-2.678000000000000000e+03
-2.667000000000000000e+03
-2.679000000000000000e+03
-2.674000000000000000e+03
-2.653000000000000000e+03
-2.651000000000000000e+03
-2.649000000000000000e+03
-2.651000000000000000e+03
-2.647000000000000000e+03
-2.692000000000000000e+03
-2.647000000000000000e+03
-2.660000000000000000e+03
-2.660000000000000000e+03
-2.652000000000000000e+03
-2.647000000000000000e+03
-2.670000000000000000e+03
-2.660000000000000000e+03
-2.678000000000000000e+03
-2.652000000000000000e+03
-2.712000000000000000e+03
-2.668000000000000000e+03
-2.660000000000000000e+03
-2.677000000000000000e+03
-2.652000000000000000e+03
-2.649000000000000000e+03
-2.730000000000000000e+03
-2.665000000000000000e+03
-2.683000000000000000e+03
-2.696000000000000000e+03
-2.647000000000000000e+03
-2.642000000000000000e+03
-2.673000000000000000e+03
-2.669000000000000000e+03
-2.650000000000000000e+03
-2.650000000000000000e+03
-2.658000000000000000e+03
-2.654000000000000000e+03
-2.653000000000000000e+03
-2.673000000000000000e+03
-2.687000000000000000e+03
-2.675000000000000000e+03
-2.659000000000000000e+03
-2.673000000000000000e+03
-2.649000000000000000e+03
-2.674000000000000000e+03
-2.649000000000000000e+03
-2.662000000000000000e+03
-2.655000000000000000e+03
-2.685000000000000000e+03
-2.653000000000000000e+03
-2.655000000000000000e+03
-2.649000000000000000e+03
-2.666000000000000000e+03
-2.653000000000000000e+03
-2.655000000000000000e+03
-2.655000000000000000e+03
-2.651000000000000000e+03
-2.665000000000000000e+03
-2.700000000000000000e+03
-2.673000000000000000e+03
-2.656000000000000000e+03
-2.668000000000000000e+03
-2.652000000000000000e+03
-2.726000000000000000e+03
-2.653000000000000000e+03
-2.666000000000000000e+03
-2.695000000000000000e+03
-2.652000000000000000e+03
-2.680000000000000000e+03
-2.650000000000000000e+03
-2.660000000000000000e+03
-2.651000000000000000e+03
-2.681000000000000000e+03
-2.666000000000000000e+03
-2.671000000000000000e+03
-2.708000000000000000e+03
-2.639000000000000000e+03
-2.686000000000000000e+03
-2.673000000000000000e+03
-2.669000000000000000e+03
-2.647000000000000000e+03
-2.646000000000000000e+03
-2.644000000000000000e+03
-2.656000000000000000e+03
-2.658000000000000000e+03
-2.672000000000000000e+03
-2.654000000000000000e+03
-2.664000000000000000e+03
-2.660000000000000000e+03
-2.678000000000000000e+03
-2.712000000000000000e+03
-2.668000000000000000e+03
-2.666000000000000000e+03
-2.648000000000000000e+03
-2.661000000000000000e+03
-2.689000000000000000e+03
-2.677000000000000000e+03
-2.651000000000000000e+03
-2.675000000000000000e+03
-2.651000000000000000e+03
-2.653000000000000000e+03
-2.655000000000000000e+03
-2.706000000000000000e+03
-2.667000000000000000e+03
-2.699000000000000000e+03
-2.645000000000000000e+03
-2.672000000000000000e+03
-2.649000000000000000e+03
-2.653000000000000000e+03
-2.652000000000000000e+03
-2.685000000000000000e+03
-2.664000000000000000e+03
-2.670000000000000000e+03
-2.640000000000000000e+03
-2.662000000000000000e+03
-2.655000000000000000e+03
-2.665000000000000000e+03
-2.645000000000000000e+03
-2.669000000000000000e+03
-2.653000000000000000e+03
-2.671000000000000000e+03
-2.650000000000000000e+03
-2.658000000000000000e+03
-2.696000000000000000e+03
-2.681000000000000000e+03
-2.648000000000000000e+03
-2.668000000000000000e+03
-2.662000000000000000e+03
-2.652000000000000000e+03
-2.651000000000000000e+03
-2.694000000000000000e+03
-2.693000000000000000e+03
-2.686000000000000000e+03
-2.666000000000000000e+03
-2.716000000000000000e+03
-2.710000000000000000e+03
-2.682000000000000000e+03
-2.697000000000000000e+03
-2.648000000000000000e+03
-2.689000000000000000e+03
-2.675000000000000000e+03
-2.654000000000000000e+03
-2.666000000000000000e+03
-2.649000000000000000e+03
-2.670000000000000000e+03
-2.653000000000000000e+03
-2.680000000000000000e+03
-2.639000000000000000e+03
-2.715000000000000000e+03
-2.696000000000000000e+03
-2.644000000000000000e+03
-2.691000000000000000e+03
-2.676000000000000000e+03
-2.649000000000000000e+03
-2.665000000000000000e+03
-2.666000000000000000e+03
-2.644000000000000000e+03
-2.686000000000000000e+03
-2.650000000000000000e+03
-2.672000000000000000e+03
-2.668000000000000000e+03
-2.668000000000000000e+03
-2.693000000000000000e+03
-2.675000000000000000e+03
-2.714000000000000000e+03
-2.641000000000000000e+03
-2.664000000000000000e+03
-2.665000000000000000e+03
-2.653000000000000000e+03
-2.652000000000000000e+03
-2.641000000000000000e+03
-2.683000000000000000e+03
-2.685000000000000000e+03
-2.669000000000000000e+03
-2.712000000000000000e+03
-2.664000000000000000e+03
-2.689000000000000000e+03
-2.674000000000000000e+03
-2.647000000000000000e+03
-2.638000000000000000e+03
-2.649000000000000000e+03
-2.645000000000000000e+03
-2.645000000000000000e+03
-2.671000000000000000e+03
-2.677000000000000000e+03
-2.653000000000000000e+03
-2.664000000000000000e+03
-2.679000000000000000e+03
-2.653000000000000000e+03
-2.678000000000000000e+03
-2.655000000000000000e+03
-2.653000000000000000e+03
-2.676000000000000000e+03
-2.718000000000000000e+03
-2.674000000000000000e+03
-2.651000000000000000e+03
-2.641000000000000000e+03
-2.672000000000000000e+03
-2.666000000000000000e+03
-2.646000000000000000e+03
-2.674000000000000000e+03
-2.691000000000000000e+03
-2.649000000000000000e+03
-2.647000000000000000e+03
-2.685000000000000000e+03
-2.658000000000000000e+03
-2.670000000000000000e+03
-2.659000000000000000e+03
-2.653000000000000000e+03
-2.674000000000000000e+03
-2.664000000000000000e+03
-2.649000000000000000e+03
-2.660000000000000000e+03
-2.672000000000000000e+03
-2.676000000000000000e+03
-2.656000000000000000e+03
-2.675000000000000000e+03
-2.653000000000000000e+03
-2.670000000000000000e+03
-2.703000000000000000e+03
-2.671000000000000000e+03
-2.667000000000000000e+03
-2.687000000000000000e+03
-2.683000000000000000e+03
-2.646000000000000000e+03
-2.706000000000000000e+03
-2.680000000000000000e+03
-2.653000000000000000e+03
-2.674000000000000000e+03
-2.669000000000000000e+03
-2.674000000000000000e+03
-2.655000000000000000e+03
-2.658000000000000000e+03
-2.671000000000000000e+03
-2.659000000000000000e+03
-2.658000000000000000e+03
-2.661000000000000000e+03
-2.648000000000000000e+03
-2.643000000000000000e+03
-2.647000000000000000e+03
-2.656000000000000000e+03
-2.664000000000000000e+03
-2.653000000000000000e+03
-2.714000000000000000e+03
-2.669000000000000000e+03
-2.678000000000000000e+03
-2.672000000000000000e+03
-2.659000000000000000e+03
-2.666000000000000000e+03
-2.715000000000000000e+03
-2.701000000000000000e+03
-2.704000000000000000e+03
-2.685000000000000000e+03
-2.658000000000000000e+03
-2.693000000000000000e+03
-2.652000000000000000e+03
-2.695000000000000000e+03
-2.711000000000000000e+03
